hasil_2_1

TP: 19 FP: 104 TN: 367 FN: 1974
Precision: 15.447154471544716%
Recall: 0.9533366783743101%
F Score: 1.7958412098298675%
Akurasi: 75.80829212628376%

hasil_2_2

TP: 44 FP: 60 TN: 360 FN: 2000
Precision: 42.30769230769231%
Recall: 2.152641878669276%
F Score: 4.096834264432029%
Akurasi: 77.74819322936479%

hasil_2_3

TP: 118 FP: 192 TN: 189 FN: 1965
Precision: 38.064516129032256%
Recall: 5.664906385021603%
F Score: 9.862097785206853%
Akurasi: 79.23164701407379%


hasil 2_4

TP: 116 FP: 166 TN: 204 FN: 1978
Precision: 41.13475177304964%
Recall: 5.5396370582617%
F Score: 9.764309764309765%
Akurasi: 79.65005705591479%