Hasil Testing 0 Template 1

TP: 65 FP: 16 TN: 506 FN: 1867
Precision: 80.24691358024691%
Recall: 3.3643892339544514%
F Score: 6.458022851465474%
Akurasi: 73.48801825789273%

Hasil Testing 0 Template 2
TP: 108 FP: 35 TN: 448 FN: 1863
Precision: 75.52447552447552%
Recall: 5.47945205479452%
F Score: 10.21759697256386%
Akurasi: 74.97147204260175%

Hasil Testing 0 Template 3
TP: 218 FP: 360 TN: 159 FN: 1717
Precision: 37.71626297577855%
Recall: 11.266149870801033%
F Score: 17.349781138081973%
Akurasi: 73.60213008748573%

Hasil Testing 0 Template 4
TP: 244 FP: 366 TN: 127 FN: 1717
Precision: 40.0%
Recall: 12.44263131055584%
F Score: 18.98094126798911%
Akurasi: 74.59109927729175%

