1_1

TP: 58 FP: 4 TN: 649 FN: 1777
Precision: 93.54838709677419%
Recall: 3.1607629427792916%
F Score: 6.1149182920400635%
Akurasi: 69.7984024343857%


1_2

TP: 85 FP: 13 TN: 618 FN: 1772
Precision: 86.73469387755102%
Recall: 4.577275175013463%
F Score: 8.695652173913045%
Akurasi: 70.6352225180677%

1_3

TP: 265 FP: 157 TN: 330 FN: 1736
Precision: 62.796208530805686%
Recall: 13.243378310844578%
F Score: 21.873710276516718%
Akurasi: 76.11259033853176%

1_4

TP: 288 FP: 196 TN: 275 FN: 1729
Precision: 59.50413223140496%
Recall: 14.27863163113535%
F Score: 23.03078768492603%
Akurasi: 76.72118676302777%